1764184636422 0.00374 0
1764184810033 0.00267 1
1764184991782 0.03344 2
1764185199172 0.53689 3
1764185384976 0.01386 4
1764185567070 0.14978 5
1764185757516 0.20559 6
1764185924908 0.56236 7
1764186088862 0.66353 8
1764186282240 0.47133 9
1764186463226 0.46131 10
1764186649895 0.76212 11
1764186823872 0.78375 12
1764186988558 0.79151 13
1764187145383 0.83492 14
1764187311573 0.83464 15
1764187474636 0.86881 16
1764187647998 0.86 17
1764187815813 0.84865 18
1764187967845 0.75685 19
1764188126186 0.72427 20
1764188295983 0.77834 21
1764188476413 0.76915 22
1764188647408 0.79036 23
1764188811686 0.82567 24
1764188830435 0.8688751526251527 24
