1764184636422 0.00114 0
1764184810033 0.00129 1
1764184991782 0.01642 2
1764185199172 0.2493 3
1764185384976 0.00478 4
1764185567070 0.07896 5
1764185757516 0.09313 6
1764185924908 0.25457 7
1764186088862 0.24418 8
1764186282240 0.202 9
1764186463226 0.23863 10
1764186649895 0.36017 11
1764186823872 0.37389 12
1764186988558 0.3348 13
1764187145383 0.40933 14
1764187311573 0.41064 15
1764187474636 0.44329 16
1764187647998 0.41502 17
1764187815813 0.40345 18
1764187967845 0.38378 19
1764188126186 0.35402 20
1764188295983 0.35133 21
1764188476413 0.36528 22
1764188647408 0.37373 23
1764188811686 0.3884 24
1764188830435 0.4425232081584941 24
