1764184636422 0.00226 0
1764184810033 0.00155 1
1764184991782 0.00272 2
1764185199172 0.85351 3
1764185384976 0.02724 4
1764185567070 0.59376 5
1764185757516 0.33672 6
1764185924908 0.4096 7
1764186088862 0.80415 8
1764186282240 0.44961 9
1764186463226 0.47316 10
1764186649895 0.62524 11
1764186823872 0.80566 12
1764186988558 0.69485 13
1764187145383 0.61176 14
1764187311573 0.59643 15
1764187474636 0.78511 16
1764187647998 0.72456 17
1764187815813 0.73395 18
1764187967845 0.64836 19
1764188126186 0.67311 20
1764188295983 0.73844 21
1764188476413 0.75858 22
1764188647408 0.73915 23
1764188811686 0.74026 24
1764188830435 0.7847942543756654 24
