1764184636422 0.73077 0
1764184810033 0.5 1
1764184991782 0.84615 2
1764185199172 0.44884 3
1764185384976 0.11538 4
1764185567070 0.11538 5
1764185757516 0.38462 6
1764185924908 0.69231 7
1764186088862 0.53846 8
1764186282240 0.46154 9
1764186463226 0.51847 10
1764186649895 0.73077 11
1764186823872 0.65385 12
1764186988558 0.78854 13
1764187145383 0.84615 14
1764187311573 0.80769 15
1764187474636 0.84615 16
1764187647998 0.88462 17
1764187815813 0.84892 18
1764187967845 0.85111 19
1764188126186 0.73077 20
1764188295983 0.76034 21
1764188476413 0.65385 22
1764188647408 0.69231 23
1764188811686 0.76736 24
1764188830435 0.8461538461538461 24
